12 1000 4039812
8 10 64871032 695693922 865145215
2 7 89538650 911920732 822730081
3 12 555213214 738027151 917049596
6 4 469606544 586296634 766452606
1 6 566203799 906493300 773092032
4 8 352491824 929877237 672953653
9 7 279713724 959476357 909517802
4 2 543750799 869922326 527698463
3 1 424161328 734944809 136633977
5 2 311334465 913435723 969401536
9 2 392015734 721334051 798762839
4 10 325513800 987616146 135804224
2 12 844149297 906729928 776806607
7 3 233881195 251726366 297331620
10 4 748201533 974682225 464511372
10 3 329830969 560997088 605626171
6 5 377153617 905771632 228401302
7 9 136575087 733215124 992319196
6 2 378810827 926285160 607878018
8 2 191456975 810410873 604984235
8 2 494585198 849733652 311810146
10 9 854216443 987453017 120714990
1 7 59601950 913353747 961966412
12 2 582280457 822688853 4918129
5 11 53820178 755666968 391928844
2 3 596362888 669995274 326040989
7 10 340943525 668089745 959333186
3 9 75827579 170190628 625013822
6 11 797091182 997376651 756060377
7 6 59838823 216063215 363256267
4 9 624297792 625608630 251893258
3 12 199892936 455063589 571365430
1 7 468761877 861992422 997295059
7 2 94030693 433121614 181979335
12 3 966132826 976648559 973217379
12 5 254436669 732144908 151930766
1 10 570396285 676705485 340393834
11 10 432288097 546339321 972263751
6 1 62944357 229930267 525327752
4 8 195211702 531254755 693081686
5 4 66718571 689883040 132263319
6 5 211569016 852296059 719972817
11 8 503106121 738202926 327815676
3 7 722707865 896736305 672677074
11 3 19090252 840650299 169960773
11 10 428985491 775956205 52394789
9 3 159690089 565198216 463425546
9 4 818507006 949025199 599204521
7 12 856744165 928573337 794117992
12 6 250496942 874621396 564209998
9 10 397850348 541440949 11512374
11 9 235248642 260636296 133991060
8 1 152827039 632399716 371774005
10 6 196845761 373655800 294674833
2 4 806510145 883368959 672754485
6 1 14166588 397833933 925327242
12 11 47102561 874405882 546902244
7 6 390812573 802167471 849457520
3 7 219919946 312330474 508580479
5 8 164775458 496834045 522981699
1 3 261472872 749520286 467881983
2 8 127409794 711117360 179104342
4 3 184647474 957979012 925190896
7 2 706897293 954777621 592067445
9 12 388953790 753181485 131779301
6 5 445313996 766858386 804042512
1 3 392712128 519765123 150530915
3 11 222712173 335866550 795730806
11 1 493645215 777323773 362671885
5 12 85325830 222897423 47748028
1 11 2203205 255957778 466537438
2 5 160216137 871232313 843779132
2 4 696656632 975124732 976631457
2 10 28582840 154299208 529386278
10 4 845314147 960252420 571695231
7 4 201379328 262242950 244602128
2 8 208996346 595426216 357532291
10 9 838656088 901074697 294369561
2 5 112510623 644557914 715644928
1 6 756788134 891317205 711877174
2 12 213098912 590218275 475111919
7 1 250392816 691421984 851623912
8 5 48561162 275691127 194732094
1 2 611056729 732001725 989309442
5 8 94275040 355342948 829850113
8 10 152910594 453456934 677487710
2 9 450288711 951006267 999595101
12 9 157314718 292096524 351087428
9 11 39582450 807986450 789099180
1 12 808077512 816437137 733699789
2 4 194267623 482217642 748601806
8 11 96575844 204426787 809083814
2 4 540224241 648376668 722638516
10 6 327115151 501410645 45057962
1 10 507596555 600501716 249936735
12 3 142455888 212803204 56357223
12 9 383426085 987829394 611161679
5 2 383631974 843591234 486992661
2 5 142749033 374156569 696873034
5 8 281037250 573570173 674078565
5 12 801656935 847269182 302620648
9 12 497931574 830177641 265730289
12 9 309196625 820308210 456702156
6 1 60543930 358495006 918630028
8 11 254363278 676362324 898635257
7 8 826215708 902428366 943857597
5 10 756207911 772020679 942460780
9 6 647476737 880821106 318963312
9 3 109970165 490870419 645221596
7 10 837294422 871789378 281858086
3 9 518569475 541980524 467456655
11 9 42140939 378430686 11267233
10 5 675440404 805839683 244457631
9 4 402068860 534479372 197905282
4 10 671688327 726259002 519931965
9 5 310174096 703662119 203289961
9 10 566742563 998991684 916982805
3 9 466275451 690221263 57700899
1 2 180205165 285662074 460445662
8 3 170465570 915553647 222174688
4 8 231988955 317848335 810673366
3 1 42007699 493795375 589020050
8 2 778636167 826290877 754530509
12 2 394269150 936598408 673985365
10 11 368034904 491314454 149892821
9 3 204857628 285292633 968248725
9 6 687957619 706861326 7870135
1 3 263272084 596557991 861925737
3 1 378973425 555961970 198108070
11 3 770409598 813986672 169695491
10 2 35483654 531778698 594828348
6 12 503351167 827995989 880507854
7 12 10588751 840423696 302294871
10 4 255317750 806094491 65997160
9 6 700972389 924697226 337482252
7 9 499730803 951197720 101769012
3 12 1250596 41533126 772511774
3 7 261291330 798812179 837220704
4 8 325279821 816380713 378125069
12 4 249265250 576033692 582217666
1 3 1808044 310067856 889846476
5 12 167197939 471882459 878349062
8 7 237177487 461676508 814625260
7 2 642981936 758216136 318482929
5 1 353234275 578736702 595384616
2 9 412348219 482079756 22137463
9 2 396518592 693900285 426307352
6 10 793838898 851029241 37630668
8 10 553769182 657119732 408145282
3 5 454584420 773978272 748851887
1 12 303130587 757776303 917641729
6 9 101481691 156738082 422835830
10 11 44357240 878690754 446856847
10 12 81457879 279769609 978659776
8 6 633427509 688172821 486199631
12 3 589507120 807010494 242951389
5 4 197232422 954262589 746684308
2 6 363143642 764147338 476750143
3 5 393735638 909262048 620946950
3 7 661785998 728868301 115181617
3 2 613556848 741791747 868759150
8 10 701754864 741720109 866080496
5 7 427027449 959363278 290246433
1 5 521913644 824473110 167815086
6 2 268723339 747697373 154439175
1 7 718913393 742820798 240495723
11 4 285699493 514807576 109627312
5 10 180833291 729047977 769665732
12 5 294825668 496329940 179427696
6 10 304312093 839839361 562883381
2 5 10161000 281324886 566313034
4 9 590000461 654039391 191995222
6 4 195137947 640677259 660261266
1 4 273802277 782479305 700638405
5 12 470179340 746976979 76160840
11 8 744354785 877535587 994552549
9 7 79763548 130964722 891109152
5 1 214048524 696121924 926129144
2 12 123990675 318322836 378582043
8 4 62066937 653081609 988857014
1 8 224868072 472019683 74006194
6 1 674334514 809947659 713836824
5 9 353728784 918977702 229006374
8 7 582915986 916927681 415484399
12 5 243990371 849707770 112082518
2 7 302837253 563944447 528529616
1 3 558230248 940551730 337418701
5 2 698671261 795806038 78904565
8 11 91361288 227695956 645091292
8 12 357529595 447595407 886761948
1 9 265035656 982332698 72754577
10 11 209884340 824172563 372253911
6 3 274069778 519274479 893809783
5 11 157257944 214402860 110167319
9 11 61761996 641839263 190095209
11 5 494324031 527171933 629288907
4 2 27544969 809809158 741752674
12 7 319147818 614038461 684194388
5 7 554056543 723572923 743444939
7 2 509822552 629839850 521134635
5 12 524637202 641886081 588250009
7 6 784481073 978862723 21778479
5 6 374761093 963768549 816839888
8 6 241642077 981982601 421948526
10 11 540331579 612347253 835736469
1 8 117388670 917047047 382657198
2 9 2349942 932489851 449355187
1 8 49176739 842539178 831678582
12 4 622080894 921300878 960060343
9 10 117741055 152496335 466221685
1 3 435330073 769975636 375190814
1 7 657270829 749365379 940337557
4 1 23473503 127922942 311235530
1 3 333744904 784259558 895966402
2 12 84249591 443337211 501488861
5 9 233428286 925194038 16193484
3 8 357649231 382907346 164492898
8 7 355461668 990143436 904075901
2 1 331782058 401473134 627067637
9 6 570534358 662075805 551240094
4 7 27247492 82552009 160497123
2 5 348517038 592977679 422058701
2 4 127014021 155629430 199912696
7 5 211248367 262524819 194187917
7 12 153345314 154143564 304882238
7 12 902726818 915775401 766168853
11 7 257162355 751185176 605675423
7 10 704117944 845658156 631601540
10 5 369301871 740724140 42196730
6 5 487528125 820859708 296373149
7 11 391394925 656524522 398382426
1 2 83310282 667598306 189504431
6 8 163197446 821277524 952842937
12 1 452566757 692271008 358126687
11 2 172727435 761195460 606299339
10 2 808632604 834282466 610504017
9 7 44908002 131849874 684861182
3 7 285315337 855624599 132125196
8 1 143397435 527620500 373375814
11 4 139420758 253198626 766993701
3 9 187410491 705614855 186985773
10 5 14336902 593671595 692719119
2 9 366094611 491562385 177506655
1 11 457486339 847410637 991133139
9 2 328965817 467167139 79705348
2 12 178768196 782532365 853764523
3 2 494370878 504935919 546138130
8 7 210744583 924799571 871869096
1 12 166845959 430197351 955233577
10 9 231700179 780764970 359933081
4 10 206978218 391056010 279739906
6 4 301057910 703035401 995061443
12 11 39547108 416091174 381517320
7 5 124415212 796939823 60361449
6 8 815772363 913683669 994088433
12 2 365233707 638536392 170632444
7 6 186942491 606597201 819846727
3 6 16756574 481911129 875033405
7 1 229307760 726963231 248691704
11 2 301790250 582532296 990895053
9 5 391703432 410142580 849767830
11 8 140192822 289026083 323351687
1 2 383599024 412602590 406444596
12 11 165388043 949494609 619043228
10 9 11005059 285244431 544487376
11 12 385301669 885969735 774750089
7 5 353147070 836053776 920224569
6 8 871241186 899241327 327532938
9 11 711130843 744073761 883778756
1 9 79913900 174896987 589160562
12 8 285114676 604964309 144827619
8 3 646492429 820425746 201044948
7 6 160026647 525884624 610440768
3 2 94491624 387676242 625273701
9 10 628409056 841641586 273792084
9 3 191820444 768642086 495717975
9 6 15849393 535781901 906054066
11 8 632766732 644403497 344556269
5 10 442060107 528518952 144829496
4 10 699624201 926580915 122102184
2 11 132051871 676200237 170405418
7 2 602763619 790962905 666946307
1 11 40327294 585288116 542423794
3 12 313392788 436399010 399125957
4 1 68134686 167810386 639145689
5 8 291284047 512652675 389831120
3 2 426097179 856276641 763239851
8 1 110104085 991120673 904964255
9 2 167982616 816017856 558069778
3 1 137803860 791622448 967237551
4 9 156468853 404653365 105637604
1 3 66489084 832929045 84252212
11 7 23011213 362750949 98986468
11 6 307019171 952760328 906820300
7 2 416716728 815171322 866078542
7 9 557319131 699255826 810219595
8 1 359670690 855238946 610842513
5 7 432597401 860646950 580709334
8 2 794793885 914471706 817850387
7 2 712779113 852760891 326395521
5 3 653041372 988492871 892088837
4 6 105215730 605888555 693086333
5 3 135940905 713715298 668173122
5 6 782772170 877460717 34928332
2 8 289734937 982806058 721220164
11 2 738439564 942123591 583559718
2 7 204967183 214522809 645619647
8 1 301145108 344776748 94252979
6 12 435910987 672676359 165928994
6 8 745327982 787915395 361423440
8 3 336542881 679145480 406385267
5 4 566622020 919344718 137412629
7 8 313580777 573830458 195328896
2 11 293741852 547675066 423508190
2 12 309668769 905800178 20215471
12 9 227637900 341185472 922491806
1 5 486089118 614633039 527042266
5 7 213072000 582595030 26880646
8 3 114709424 814189875 635517626
10 9 696624281 827952858 473580601
7 3 178775619 892908165 345620157
7 6 323026878 694782186 521878381
5 11 702397616 847193802 840312583
6 7 331682276 462784719 559107600
2 10 217702387 709653185 554527830
8 1 117895267 935278438 186610768
3 11 188396712 526216675 233324231
10 5 357826246 608718468 838617708
11 12 516110823 538184906 202254094
12 10 328705846 892754627 168755915
11 1 198834665 881842826 936074767
10 1 738529606 776798454 785855724
3 7 208574431 839258884 522381299
9 6 205500269 270304787 625711435
10 3 111613753 541386957 957862770
7 10 493371214 873694026 286153701
6 10 192620165 269696458 447308434
1 9 773113087 963121983 38019888
10 9 330755983 384530503 923397145
2 11 600525143 706861677 981815139
6 11 540860500 829244015 570844854
11 1 423059516 611292117 723102722
4 7 318764155 639343752 339757414
1 9 352908729 750644654 13828883
5 2 343763670 569232484 553453120
7 11 484688488 897837446 651484471
7 4 139309813 906523794 728351460
9 6 225384615 965045575 113258683
7 12 202490956 433072763 140907982
2 12 436060947 658567959 894745152
10 1 93765921 369204582 807394877
12 10 275711947 315237574 417836164
10 9 257342989 507873682 431192329
6 2 316073657 921311189 610572056
2 10 1394534 177296656 721323998
4 6 64176614 609673085 2500260
4 8 896110197 907007740 775441591
10 12 414877224 473368983 830275478
9 7 659341785 764694284 323986427
3 7 256141502 661753109 387087585
12 8 115070479 804520180 826479858
9 11 708633312 820986016 201305394
9 10 959061848 963822755 887295885
12 8 564197096 615678406 691980361
5 10 253046682 680743391 715858941
11 7 192005036 458673261 799858749
7 2 691297844 945620150 373138642
11 1 133202671 296811500 73141182
12 4 320763390 704906162 90845458
1 9 197686487 268027206 143769081
6 4 344425518 704023038 739440247
9 7 577557474 581305364 651308298
3 10 330548289 970684013 902572089
10 2 308716221 372338464 253324021
12 1 342785450 729505381 133184427
1 4 603440126 798895600 664356849
3 4 257957775 439529159 302780139
1 8 414195149 437503155 139948394
2 6 205004768 542571810 110948396
11 4 78722145 515664946 780841705
11 4 97768592 334657832 470313721
8 9 673803331 824685893 652303990
7 2 82568514 444965974 187095910
7 2 239903475 643359434 527259065
9 10 38456931 624632998 552394321
6 12 877464981 880720410 227770662
6 8 310556449 402983113 127103800
12 6 15370975 788073350 635901311
2 10 132818126 679271383 252958882
7 3 261570892 842932847 12078070
4 11 137380824 810328086 693187706
6 10 162148214 847822833 943636101
9 2 568968121 871652478 391854644
8 2 345899766 464277886 600123665
4 8 554349523 565977308 745649934
2 10 12239452 685752030 735270587
4 7 740145088 946875151 187427754
8 12 157196406 730498391 514694189
12 4 776211997 883831241 44470663
12 10 94357885 721242085 904009874
7 12 169029903 799872677 306962350
2 7 129927272 263498168 854752094
1 4 413385674 915735850 941583047
1 7 249741748 314312011 24027579
11 6 398540246 456008164 241040567
5 3 227123951 873335575 733733846
4 7 101066059 672488242 75071497
4 12 372366697 514898600 147680144
1 9 211077466 895079832 738420126
9 7 406739822 764960189 119082229
7 8 182036527 857742476 462886360
1 4 520051638 619416589 245447297
11 1 111688661 819227574 773217243
12 4 435009844 940945669 215191168
1 12 240203757 372259950 280122961
11 4 191288376 746295683 123903944
1 11 665923906 798058223 295132974
9 7 515924731 897135523 988218183
8 4 875142599 877780708 24361604
9 2 110108534 213917652 761027417
6 9 138301287 496841203 455163134
3 9 528672177 632728161 532710657
5 7 236707578 373819666 939197453
1 10 673801744 880535151 994404340
11 7 119416310 199690809 320002543
2 1 439615444 534537125 976282153
7 9 209759627 683115386 795080147
6 3 292355602 649083870 707081677
1 8 540600100 945760134 952575051
1 3 775222785 823215761 237920292
4 8 611305439 662817640 856895246
11 5 159890257 837805039 332904021
1 5 249261426 660069789 740313585
11 8 264290542 271542956 815252790
8 11 13264523 272233393 925064194
4 3 67291064 626291003 822611626
3 12 880971253 902789551 420717667
1 4 252629135 605051815 895281919
1 9 22926413 87285930 225133958
3 8 54178542 582525054 273870898
8 6 264139885 528500525 758978398
9 11 83168401 821259323 357044780
12 5 499295255 583121116 212130514
2 8 724381273 893723519 454620194
9 1 924484133 953445284 400594241
12 4 312247486 792520031 691222138
2 10 576781894 588011399 391518146
3 7 231689390 612501831 827225357
2 9 13545754 960965257 859895013
5 12 398436050 763954688 556982523
3 7 188402853 483695002 934338526
11 3 458100973 912037833 592214239
7 2 377562862 534572657 183921549
9 3 512383607 790937751 477420070
10 2 424108115 829759920 972757408
12 1 622890925 898833575 730744323
5 10 651769178 704733004 264175913
3 7 319959990 900828342 590188023
2 6 500782921 528270785 349636577
6 8 407399263 990329147 389238058
9 2 423332793 661490259 39372099
6 8 284144549 458113591 749277326
8 3 419571796 992239921 536831684
5 3 309656513 653334993 173558717
12 3 199428985 371320169 465055615
8 1 488035451 870771913 169273727
5 4 85055764 374851727 474613119
11 2 62891654 676178144 200729720
12 6 139385755 618786769 194830561
8 9 511519140 719273085 435046416
6 1 500643152 557928833 25877812
11 12 727108507 933878462 226983028
9 12 291292621 880589104 400156174
3 5 275285792 304722487 81977229
12 9 882680919 986410247 544049183
3 10 515179426 680041728 487008464
9 8 65322053 98734273 211957514
8 3 93325624 822040041 37810611
4 3 713076161 936080712 87136798
4 11 217422037 927417051 126132848
8 3 178848810 196797661 486155363
3 7 436760097 896337543 779012974
8 9 6231593 515559661 860126044
10 12 400238059 828353254 519170475
9 6 267685624 727506643 607808286
4 7 186640060 394241096 476077219
9 10 49990777 877301795 61299355
4 12 96335197 899797528 728844433
1 4 55943106 490166352 158135967
6 2 13690047 439240715 832961905
3 4 669305752 900578054 858203969
4 3 447998523 606631733 118487449
6 2 486936294 610118730 323913434
7 8 178553744 341768702 413559912
2 6 130826056 987293420 312833223
12 8 56749410 542395482 410861168
7 6 46563868 84581829 52243088
2 12 508948982 900716342 5733128
12 2 74322402 369848159 573578574
11 3 302911131 437952320 568839209
1 6 747297466 795630356 594321751
11 10 190871841 786415095 169311753
1 7 418562276 891336180 602996483
5 12 131617413 360685391 739146077
2 9 743061046 956962304 61410010
11 12 210903004 329362684 331754901
7 4 376780408 505477470 31030562
12 10 208129792 892722867 691675794
9 10 27203993 350967513 834705778
5 11 223835329 520894918 818336088
3 11 441778113 492994763 944355194
4 6 271270810 908369358 918178255
4 12 423364066 868022775 704436458
7 9 561989704 604873218 112893742
1 10 855705892 918397671 127975663
11 8 705679520 713084569 308117702
3 6 290200064 890475672 121181243
12 8 235516798 841360658 187030547
9 1 35966933 279601869 884396170
2 8 372075985 761695686 539061804
8 7 280223247 501479288 885211722
12 3 433121523 707506479 38664822
10 4 419182532 464674780 531984108
9 2 162248999 875920621 420229797
4 9 345015839 737960915 475793018
4 7 529177208 782960557 890006104
11 9 401429807 610179706 16852558
1 11 39895522 696949805 135963959
1 8 62386397 528069004 62670332
2 4 59229648 603743153 244758053
11 3 10709334 697239553 340478330
5 7 120367670 257532961 412399344
3 2 544424932 615679308 523935460
3 6 33582617 347804589 761482604
3 12 119878411 441257926 858659439
8 4 140929795 677692570 716194416
9 12 48223441 218022705 803797441
3 5 86402181 138053094 586192050
2 4 254708532 618803773 576770562
8 5 29876468 995634308 68923468
5 7 151997763 709529993 82846483
7 12 748233873 770804653 666792973
10 12 390064122 528307001 156795265
4 6 27994218 659502098 759025408
7 11 904836854 953112754 735238730
12 5 471101351 549540533 983437000
5 3 629691399 693407884 364653151
2 1 108544271 585821705 896057240
11 2 196271428 288694956 602733964
7 8 247899891 329997780 650770856
4 2 216781363 408688193 940567
3 8 472668744 985577972 228746943
7 8 514333138 599220049 535553413
11 10 85746925 658198483 632286243
5 12 140235377 168322164 726815254
9 2 397005944 422169607 986715305
10 2 533274972 745825295 324181008
5 7 653813821 951271462 138639041
10 4 150268672 268922157 686335112
11 2 179615827 315486758 730626000
2 12 802913534 935288037 779309214
12 8 41528029 810488226 142798371
2 9 207277944 448332513 704114521
5 12 225826327 777548171 109474328
3 11 856147433 979148189 565217328
11 8 590849030 607690351 237897230
11 12 43835000 240357727 758302406
7 4 7766460 546492173 231151345
6 4 45272043 558119483 228423207
2 4 12947580 528119572 560840258
5 10 153333328 842973692 614922144
2 7 698032343 767555143 545185111
7 12 126343312 645413499 168308368
7 11 643280572 792367693 630174150
6 5 99248924 556080539 519523921
11 2 175912892 207787104 557084548
7 12 413195021 856607547 943188192
3 1 548348655 700031651 450594485
6 7 482481776 509616265 215031235
7 2 350487239 397186607 931514068
8 2 103037346 919342401 469634652
1 10 371701642 715432722 149225956
1 2 686059265 952349424 826939268
6 12 140135292 195890908 248536487
4 1 224516214 748633563 207904427
1 4 199427708 691160926 879797108
8 6 295742882 937148289 748614451
10 1 463406267 662326178 321514074
6 5 205036556 672347392 255698722
3 7 269048454 548315410 106185863
7 8 176349121 832544823 865465032
11 10 345443854 835806975 339260685
8 6 163033127 665927875 145108430
8 9 689521254 839088923 572114786
5 4 19451795 683632638 189575159
11 10 193912646 811565538 420857481
8 3 346656306 730371390 253497624
11 6 407058734 978766854 293940774
12 6 767311820 846031332 596803822
8 11 771635267 882808152 192889374
3 7 854847135 860332036 682174819
6 4 119627242 895724199 526005943
8 10 643076976 661407286 672566485
2 4 111930234 439315531 841691481
9 10 787046197 884971235 894054002
9 4 27876499 192270893 269421103
4 10 203934113 965634662 794722196
8 6 584162091 729796353 182860194
12 3 22897963 880745730 309516267
3 7 24814998 758005318 154783819
4 1 179134590 807897666 413198963
5 8 627359403 751521522 259495594
6 9 549884848 923984072 225306133
10 3 93153106 515417361 363046780
7 3 101756626 592259161 341170150
1 10 911156470 943400497 810810660
6 9 55423878 698280715 286684059
6 12 176816767 624347299 733292051
8 12 224587517 936110617 201552348
6 12 504238489 579669921 587868284
1 8 413027944 853669270 491905804
8 4 731228161 766974801 307887494
5 2 746621231 756141074 584159570
12 1 367973315 641547176 91001741
1 4 38666967 852230164 639776213
4 12 167140987 286422135 21968286
6 7 18442234 550168422 941276358
2 1 852827908 951165892 700549467
6 11 430884648 770968225 184554653
10 4 376353435 667104692 605076764
3 11 150398176 896057464 386711623
1 9 579785341 696819077 314892052
6 8 723155705 872505791 13856138
2 9 495349271 623507983 52942308
9 8 769595077 855267287 447384395
4 8 110272956 482154463 705260852
4 3 537937664 735044417 234190275
2 9 736939187 757424308 373533216
2 7 242299000 410687615 221515622
11 10 291325648 663826246 199460000
10 6 375981654 828788547 85045239
9 7 466996508 990290811 607238349
12 6 295861369 380154187 436027963
10 3 560335706 666938199 158519281
2 1 9597497 901407436 733258576
10 6 369651377 519116941 755945432
1 11 315705171 918528903 256180488
2 12 126110062 908446035 700421484
12 4 246670301 943042587 855332573
3 6 734938259 788419159 104417741
7 9 479451551 517566827 956344611
1 10 275821224 583817261 450991815
10 12 509692877 923183662 326288517
8 5 454738236 506586191 904568086
11 6 320702968 719758587 312129259
8 9 531255785 914558102 34001531
10 1 55390993 722441058 626261191
1 3 228278997 868995909 75628288
8 6 779540173 976118925 355623981
9 7 270773668 450817969 201548574
12 11 320378534 792636700 389963514
6 2 503795100 846147482 2131257
7 4 577950942 800527482 786514609
9 3 465385968 970849510 521424974
10 5 74363111 933847839 233485000
10 5 782397219 944989113 180649028
10 9 33454988 662701506 115556586
7 9 569604088 632730993 436801064
3 6 33636232 98188390 144876384
12 10 74211319 433410444 595238794
9 1 365176887 499916011 412884006
8 1 587093856 766791996 89183761
7 5 255885420 651754953 860848013
1 5 510873712 983810894 361689128
6 8 315645311 422043073 344542724
5 12 60722993 209007317 135723411
6 3 56715345 906464120 151700439
12 4 282568628 315718542 352938046
11 4 186340264 911931818 928028648
11 6 43383950 480012608 446999374
9 12 556073640 653780694 447340998
6 4 118888616 477743586 182493716
8 3 132283659 137315345 605811776
4 6 69514220 609946427 587806225
10 6 731222929 766820702 648882831
4 11 308814733 399496551 306771885
10 9 387419519 823849810 296936094
6 7 668965323 753065918 153463343
11 7 792159722 950603157 70774433
5 4 485724305 654081015 686672442
1 9 621502829 689070651 599728861
4 1 623918911 907638041 258037971
10 6 422876060 426797892 526394858
12 1 487006741 945987527 194606930
4 12 48992937 66809237 292987759
8 10 496534350 650069671 363076143
11 10 159232561 778107279 857515809
12 10 558994607 668145745 493752922
5 12 118298347 548530387 289851449
4 6 479802204 572831785 375139785
3 10 133874 90784017 75334985
4 5 586107007 785327695 443862467
9 3 584728760 660631750 800154666
10 12 684634352 962764522 441746653
10 1 110857606 320242984 530131084
6 5 785211972 884806244 399815368
11 5 612392502 693301710 156045380
4 2 390209047 740655750 374618699
11 10 197613613 233460984 779296913
12 3 8475838 49801332 271108999
10 1 284930057 696902956 787571341
2 9 8197084 737539508 514843791
8 5 117622683 811289506 404051331
9 2 627322198 803321141 697352802
8 10 27144685 970775251 134899567
2 10 324671320 457434876 269088349
1 11 164217235 523470332 310050633
9 10 420652090 602776775 205366358
11 2 299630858 890658948 475927976
6 8 42796105 46934534 350222455
9 3 213653415 892564359 982261987
5 12 466719945 995262622 698668091
10 6 366724535 836991257 622292402
3 2 660509241 865869390 370968134
12 4 726550905 735272157 508885206
11 7 188763371 457638981 219978434
8 1 349761900 357368481 948278899
11 10 84864480 416683075 535370655
6 12 22247586 863496060 118026967
10 8 776474725 952935377 57091250
12 4 63645176 859518059 784943180
8 7 295887711 435306260 191717764
2 9 436515315 851561585 823342739
3 8 642194875 773329076 125205710
9 8 417630335 923493954 846283027
1 8 735946233 969981326 124947604
6 1 406652104 911684060 718009546
2 3 219551250 245591979 195939756
9 7 892899859 919000703 854645898
4 6 158827417 794187788 104912029
5 1 402667512 429066363 43728599
12 3 182930164 407615939 991603434
6 9 31179933 682686807 163126439
10 9 2917284 885541269 525820290
10 6 400929017 514908971 49240957
11 4 65247533 561018428 681571280
7 5 3141875 796792882 171751128
8 12 340872102 847363935 849207681
8 5 798423829 904637365 215024378
1 11 694076777 863641374 988141637
3 1 431925001 937628935 532482254
1 8 157890597 571432987 584392347
7 1 423067745 870516764 300423776
7 10 59178958 913475524 167046325
9 7 897137658 970713310 910090915
1 11 244052036 493467888 217860508
3 5 716157815 923111761 984913223
12 1 103126397 581554577 491730289
10 9 435796912 576984493 20149386
5 6 26740796 313465265 83653617
2 8 291728062 998934737 646322256
9 5 74105097 322213152 597475322
12 11 204087124 887761197 244502713
1 11 27371582 589864455 477553892
5 9 32322035 313728325 206965455
4 6 384970600 745101042 482523224
1 8 192362282 312306632 733989294
9 12 148819474 779067809 525914782
4 6 582524526 874652111 970904530
9 5 464043991 582475766 196685975
3 2 175027862 342733889 216267878
10 4 223169028 775428443 556082454
5 6 357959200 411327136 39415724
1 3 253080924 794497656 48332117
1 2 228272368 309012662 851260428
8 5 485086587 572963093 182039452
5 7 135253099 484836445 634858348
9 7 209259985 674934461 437630070
4 7 55906770 524427083 338119409
2 5 14672364 23334112 118218794
5 10 245895107 612196134 269533108
5 11 514940451 646791357 469799581
11 9 217101006 410835078 162967323
11 6 525794422 922143810 633275663
9 1 286788253 554702553 916080982
7 6 472828624 930223144 581414197
6 10 28487625 842832415 586943663
6 7 288664753 759084627 301298998
6 4 465134554 544641215 683297411
5 10 269968362 677727631 163329086
6 12 61561779 596574696 617718120
6 4 318255892 542349919 841573160
3 1 272819985 557194602 290472806
10 12 4628027 896222829 659289321
10 11 663057538 780409778 410744537
12 1 425756639 657261661 321504846
1 4 712101315 970283906 546514971
6 12 648805321 772712152 684681920
4 7 585647118 716917379 202997792
1 11 258643111 887277409 772347977
6 3 327112561 866554878 826013628
9 12 44500582 131039755 854537578
5 2 180836901 956891353 465279209
9 4 177518565 181920698 399797065
2 4 575164612 802167088 823022413
7 10 193577125 636577826 158410182
1 8 561177670 773719196 735006134
1 11 199178859 264605855 924341694
8 3 287623483 456486177 390675920
7 2 269307242 427761251 65699930
8 5 153679429 913959632 671459444
1 2 403215108 846142785 546906300
12 10 49258238 851846548 72355317
7 6 249762327 942327080 432420464
1 11 529614167 628096835 481339950
10 12 204268276 497951761 2841872
11 9 349194781 682261365 872255926
1 10 182462825 987271249 997409348
1 6 444864697 525167347 878870868
8 10 63979960 72387638 699527204
3 4 388786008 968774912 583369156
12 9 203910314 845902108 945326393
1 4 519701242 827725768 853135151
8 4 70048341 394814708 619476126
7 4 219308814 231092614 887034272
10 2 405453506 804903071 21665869
5 10 233764233 567057518 211251608
9 8 65761106 792815438 800297758
1 4 192242471 485946206 508472657
2 8 358607326 978179646 602932844
12 2 263766631 403672776 695560225
6 12 135242861 305986413 818647185
11 2 425876625 454744542 196282184
1 6 566075648 714002987 89883783
11 10 282973441 684372522 162189041
8 12 964433413 970366221 346322911
9 3 250985078 460884826 752344155
12 2 587576940 842019905 752436694
7 10 112337277 676408568 844762971
11 2 110624006 360696055 430769254
6 9 97835746 663229446 837522180
8 12 752285676 784768551 575103420
2 10 397860542 646122875 836228347
9 8 124259287 247984741 484868337
11 5 281595240 457664568 683732873
2 12 234137645 634045567 151590366
10 4 165607578 305176598 203680812
9 2 625032673 836860165 95613489
6 11 387845462 956514212 24359165
4 5 143897829 326362565 191663409
8 2 562618388 926077846 737438968
11 12 37171131 542625293 688808567
12 5 617431910 984179546 294887563
6 3 117993350 198975869 906868006
10 11 11506626 601005594 63036928
8 2 302953954 476005086 491426853
5 8 645443327 747299154 505851924
11 6 250744783 803560648 846975424
3 5 659949256 812503307 454871776
7 8 828096308 989991406 223828349
2 4 117706800 913568051 759197957
6 4 92913384 291983950 769240088
10 7 135166401 142189467 400322550
5 11 443095002 843121922 141802300
8 5 481401189 535458196 522240653
8 1 467332164 549553095 995220538
1 5 26583961 815449217 549578467
6 4 39361468 704902524 574715658
3 12 7162095 811038927 887709222
11 10 378038752 928456516 983341306
4 2 111458006 122653181 956217037
4 10 222536787 273849370 177398141
4 5 850301102 996697340 311165471
4 1 272853708 403901901 859646057
3 8 60129754 148232473 505444743
7 4 508660088 717920209 308684335
4 2 337242494 657244729 337738033
3 5 372974762 833078256 325956246
7 10 633147079 755832533 532740313
12 4 166090458 963286854 399841065
9 5 664562921 785696561 767779168
5 11 647493199 968447779 43786102
11 3 66975717 501750855 199458585
10 1 168173902 216941339 713689069
2 3 28855047 304364771 560300150
9 7 307132912 649749994 254539002
2 3 90353531 816788864 340664141
10 3 110660467 484741638 747889869
1 2 265868447 720020940 783126781
6 5 368149360 806886052 874768294
1 7 2361703 293436243 605362883
8 9 520693605 963460277 537119574
5 1 150505175 354115830 696509129
2 7 70057844 440467410 128871617
12 5 340582033 821860867 294781029
12 2 683326731 866413849 861844110
4 3 498173698 770089924 764142232
11 9 166378722 272135646 818182562
12 8 24626295 794673291 796459290
5 6 229446448 937907408 382593177
2 10 15736432 160731261 630675509
12 1 501607934 997666243 704860527
8 3 108149136 364031371 637495637
9 10 3336661 608667669 789820689
6 5 412573233 679400321 369485319
2 10 318730786 852102079 439287461
2 12 420682173 944581358 701742963
5 8 86662237 701121770 819859196
12 10 158794915 924147101 318639805
5 9 462600608 616383534 489077965
6 1 702810775 778507697 281890827
2 9 606601565 800940622 234965721
2 8 653784998 766561670 992657803
1 12 91699125 211989266 558011448
2 6 314976169 773887961 250030569
7 11 383945059 851413799 85557949
2 8 277726154 618466348 193386173
8 6 243319203 791745954 905182580
10 5 276490785 722551512 4739618
7 10 441525625 944677059 399699920
2 3 714156376 816895738 593057148
11 9 332674420 880221294 495499639
2 4 94727730 882739246 88203251
7 10 371498857 701578066 608909846
9 4 539869271 846491117 261373719
12 9 6570852 387240651 939860531
8 3 921713065 965285122 212689896
7 12 533956111 866403885 247791983
5 6 559232601 894779258 346436365
10 1 80376015 762382771 243995383
7 1 102407377 734701371 970868965
6 3 54055646 183314939 384220306
2 8 182253737 631575840 136617092
8 9 626619133 926091207 985156952
4 12 435475955 705148744 871219898
9 11 389077380 824250946 604139337
8 2 102534181 781244074 602797256
8 7 582472982 909882988 429660714
10 9 580229161 580379274 819835852
8 7 299643408 822729386 236358344
11 2 789126150 928215346 633015502
6 12 243306681 277911125 193298399
1 4 484179402 834685458 804477984
9 5 641625282 871506893 628991137
6 12 678382894 785016154 451959246
5 10 844301297 845016313 416501187
5 9 662193924 665376593 382624591
6 9 746720390 933819885 661547044
6 5 354549964 719449251 145151881
10 11 10819293 425892211 49429520
7 11 187678531 996554401 124606535
1 6 502531064 950224774 647741513
5 7 465039836 849162022 587742964
9 4 88636189 803693222 141231731
3 4 89171870 227726342 210761941
8 9 852389958 892136544 713818152
1 10 336906052 534743382 493648715
11 4 446257364 580857673 224651201
9 8 150425512 672921482 915802527
1 7 16357997 233979746 184531255
10 7 500754846 714087207 161187209
11 3 114626255 873166815 506960637
10 8 413053826 871665077 421895850
1 8 34576124 439508925 15250582
12 5 503767434 943744048 650506163
11 7 223423694 431374913 772456910
7 3 216017192 892284035 465322070
8 6 231791680 695046634 633545315
5 12 480060208 552735834 326927486
1 2 513841132 799949879 762891893
2 7 110282597 968826507 775434946
8 7 158028958 453866672 305970787
10 12 216076846 636608502 474190713
9 3 712953869 894604805 28363049
9 7 311095313 441570505 980170984
3 4 271503527 444316284 198068052
4 3 461192279 913337989 568088194
3 10 546189152 924915871 251039995
4 3 817397666 900234216 614529501
2 11 686733219 887101972 944470458
9 11 37236721 246235379 527084514
4 12 49576492 965958764 191346786
5 2 698371308 869445854 203819649
7 5 308587577 520712586 934987784
7 11 692531427 772317164 896495113
10 11 524292483 844819814 598325998
3 4 198573004 741040643 542968027
11 9 493271937 678278612 981140431
3 4 151309505 791731115 915943687
12 5 456269555 466201427 439678190
10 7 309559446 878718197 780184635
11 1 240275780 668197118 170126194
1 9 523734424 620462418 386934422
10 8 102983608 580493855 125802341
11 1 200458247 512503850 651552941
10 11 4447408 730159010 621313722
2 7 34630295 754697715 776486757
8 12 253222495 649636272 281305259
8 12 342247220 715254045 970099140
3 7 362094881 852257293 293484500
